![wpn_mac10_hud]
        hands_orientation                = -0.469356, 0.491314, 0.584002
        hands_orientation_16x9           = -0.469356, 0.491314, 0.584002
        hands_position                   = 0.007488, 0.004674, 0.022447
        hands_position_16x9              = 0.007488, 0.004674, 0.022447

        aim_hud_offset_pos               = -0.069341, 0.041198, -0.064197
        aim_hud_offset_pos_16x9          = -0.069341, 0.041198, -0.064197
        aim_hud_offset_rot               = -0.000145, 1.8e-05, 0.011
        aim_hud_offset_rot_16x9          = -0.000145, 1.8e-05, 0.011
		
        base_hud_offset_pos              = -0.01016, -0.003408, 0
        base_hud_offset_pos_16x9         = -0.01016, -0.003408, 0