![wpn_rpk_hud]
        hands_orientation                = 2.55243, -0.004536, 0
        hands_orientation_16x9           = 2.55243, -0.004536, 0
        hands_position                   = 0.003798, -0.001828, 0.04295
        hands_position_16x9              = 0.003798, -0.001828, 0.04295

        aim_hud_offset_pos               = -0.058415, 0.017976, -0.07
        aim_hud_offset_pos_16x9          = -0.058415, 0.017976, -0.07
        aim_hud_offset_rot               = -0.000109, 0.000138, 0
        aim_hud_offset_rot_16x9          = -0.000109, 0.000138, 0

        base_hud_offset_pos              = 0.014895, -0.015293, 0.023679
        base_hud_offset_pos_16x9         = 0.014895, -0.015293, 0.023679
        base_hud_offset_rot              = 0, 0, 0.128005
        base_hud_offset_rot_16x9         = 0, 0, 0.128005