![wpn_ks23]
>scopes	=		vorkuta
![wpn_ks23_hud]
        hands_orientation                = -0.075338, -1.647737, -2.844448
        hands_orientation_16x9           = -0.075338, -1.647737, -2.844448
        hands_position                   = -0.012558, 0.013402, -0.056135
        hands_position_16x9              = -0.012558, 0.013402, -0.056135
		
        aim_hud_offset_pos               = 0.010029, -0.004746, 0.047055
        aim_hud_offset_pos_16x9          = 0.010029, -0.004746, 0.047055
        aim_hud_offset_rot               = -0.000118, -0.001034, -0.042651
        aim_hud_offset_rot_16x9          = -0.000118, -0.001034, -0.042651

        base_hud_offset_pos              = -0.021258, -0.003026, 0.009041
        base_hud_offset_pos_16x9         = -0.021258, -0.003026, 0.009041
		
![wpn_ks23_23_up_hud]
        hands_orientation                = -0.075338, -1.647737, -2.844448
        hands_orientation_16x9           = -0.075338, -1.647737, -2.844448
        hands_position                   = -0.012558, 0.013402, -0.056135
        hands_position_16x9              = -0.012558, 0.013402, -0.056135
		
        aim_hud_offset_pos               = 0.010094, -0.004872, 0.047055
        aim_hud_offset_pos_16x9          = 0.010094, -0.004872, 0.047055
        aim_hud_offset_rot               = -0.000118, -0.001034, -0.042651
        aim_hud_offset_rot_16x9          = -0.000118, -0.001034, -0.042651	

        base_hud_offset_pos              = -0.021258, -0.003026, 0.009041
        base_hud_offset_pos_16x9         = -0.021258, -0.003026, 0.009041
		
![wpn_ks23_kaban_hud]
        hands_orientation                = -0.075338, -1.647737, -2.844448
        hands_orientation_16x9           = -0.075338, -1.647737, -2.844448
        hands_position                   = -0.012558, 0.013402, -0.056135
        hands_position_16x9              = -0.012558, 0.013402, -0.056135
		
        aim_hud_offset_pos               = 0.01012, -0.004854, 0.047055
        aim_hud_offset_pos_16x9          = 0.01012, -0.004854, 0.047055
        aim_hud_offset_rot               = -0.000118, -0.001034, -0.042651
        aim_hud_offset_rot_16x9          = -0.000118, -0.001034, -0.042651	

        base_hud_offset_pos              = -0.021258, -0.003026, 0.009041
        base_hud_offset_pos_16x9         = -0.021258, -0.003026, 0.009041
		
![wpn_ks23_kaban_kab_up]
<scopes	=		kab_up
![wpn_ks23_kaban_kab_up_hud]
        hands_orientation                = -0.075338, -1.647737, -2.844448
        hands_orientation_16x9           = -0.075338, -1.647737, -2.844448
        hands_position                   = -0.012558, 0.013402, -0.056135
        hands_position_16x9              = -0.012558, 0.013402, -0.056135

        aim_hud_offset_pos               = 0.010296, -0.028858, 0.059858
        aim_hud_offset_pos_16x9          = 0.010296, -0.028858, 0.059858
        aim_hud_offset_rot               = -0.000118, -0.001034, -0.042651
        aim_hud_offset_rot_16x9          = -0.000118, -0.001034, -0.042651

        base_hud_offset_pos              = -0.021258, -0.003026, 0.009041
        base_hud_offset_pos_16x9         = -0.021258, -0.003026, 0.009041