![wpn_aug]
scope_zoom_factor                = 80
scope_texture                    =	
		
lewd_lens_hide_enabled       = true
lewd_lens_hide_bone          = lens
lewd_lens_hide_delays        = 0.1,0
lewd_lens_hide_aim_mode      = true, false, false	
		
![wpn_aug_hud]
anm_shots                                = aug_augmented_shoot_3dss	, shoot

        hands_orientation                = 0.006408, -0.696487, 0
        hands_orientation_16x9           = 0.006408, -0.696487, 0
        hands_position                   = 0.032706, -0.007599, 0.054187
        hands_position_16x9              = 0.032706, -0.007599, 0.054187
		
        aim_hud_offset_pos               = -0.087892, 0.001145, -0.101149
        aim_hud_offset_pos_16x9          = -0.087892, 0.001145, -0.101149
        aim_hud_offset_rot               = -4.6e-05, -1.9e-05, 0.010025
        aim_hud_offset_rot_16x9          = -4.6e-05, -1.9e-05, 0.010025
		
        aim_hud_offset_alt_pos           = -0.090139, -0.014299, -0.05
        aim_hud_offset_alt_pos_16x9      = -0.090139, -0.014299, -0.05
        aim_hud_offset_alt_rot           = -4.6e-05, -1.9e-05, -0.010025
        aim_hud_offset_alt_rot_16x9      = -4.6e-05, -1.9e-05, -0.010025	

        base_hud_offset_pos              = -0.041793, -0.033004, -0.001798
        base_hud_offset_pos_16x9         = -0.041793, -0.033004, -0.001798
        base_hud_offset_rot              = 0, 0, 0.197407
        base_hud_offset_rot_16x9         = 0, 0, 0.197407