![wpn_ks23_vorkuta]
lewd_lens_hide_enabled       = true
lewd_lens_hide_bone          = scope1
lewd_lens_hide_delays        = 0.1,0
lewd_lens_hide_aim_mode      = true, false, false

use_alt_aim_hud				 = false
![wpn_ks23_vorkuta_hud]
        hands_position                   = -0.012558, 0.013402, -0.056135
        hands_position_16x9              = -0.012558, 0.013402, -0.056135

        aim_hud_offset_pos               = 0.010037, -0.004918, 0.047055
        aim_hud_offset_pos_16x9          = 0.010037, -0.004918, 0.047055
        aim_hud_offset_rot               = -0.000118, -0.001034, -0.05
        aim_hud_offset_rot_16x9          = -0.000118, -0.001034, -0.05

        base_hud_offset_pos              = -0.020196, -0.000395, 0.018436
        base_hud_offset_pos_16x9         = -0.020196, -0.000395, 0.018436
		
![wpn_ks23_vorkuta_wpn_addon_scope_pu]:pu_s
![wpn_ks23_vorkuta_wpn_addon_scope_pu_hud]
        aim_hud_offset_pos               = 0.010182, -0.02737, 0.034488
        aim_hud_offset_pos_16x9          = 0.010182, -0.02737, 0.034488
        aim_hud_offset_rot               = -0.000118, -0.001034, -0.05
        aim_hud_offset_rot_16x9          = -0.000118, -0.001034, -0.05