![wpn_glock_hud]
        anm_shots                                = glock_new_shoot_aim_3dss, glock_new_shoot_aim
        anm_shots_aim                            = glock_new_shoot_aim_3dss, glock_new_shoot_aim
        anm_shots_aim_l                          = glock_new_shoot_aim_3dss, shoot_empty
		
        hands_orientation                = -0.103668, -0.279184, -0.050965
        hands_orientation_16x9           = -0.103668, -0.279184, -0.050965
        hands_position                   = 0, -0, 0.040786
        hands_position_16x9              = 0, -0, 0.040786

        aim_hud_offset_pos               = -0.050137, 0.03988, -0.029014
        aim_hud_offset_pos_16x9          = -0.050137, 0.03988, -0.029014
        aim_hud_offset_rot               = 3.7e-05, 3.1e-05, -0.084707
        aim_hud_offset_rot_16x9          = 3.7e-05, 3.1e-05, -0.084707
 