![wpn_sks_b]
parent_section				 = wpn_sks_b

scopes						 = wpn_addon_scope_pu
scopes_sect                  =
scope_status                 = 0

silencer_status                          = 2
silencer_name				             = wpn_sil_geks545
silencer_x                               = 246
silencer_y                               = -11

lewd_lens_hide_enabled       = true		
lewd_lens_hide_bone          = lens
lewd_lens_hide_delays        = 0.1,0
lewd_lens_hide_aim_mode      = true, false, false

![wpn_sks_b_hud]
item_visual		= dynamics\weapons\wpn_sks_b\wpn_sks_b_hud.ogf
        item_orientation                 = -0.45, 0.5, 0
        item_position                    = -0.000235, -0.001737, 0

        hands_orientation                = 0.495155, -0.495436, 0
        hands_orientation_16x9           = 0.495155, -0.495436, 0
        hands_position                   = 0.030781, 0.003675, -0.03
        hands_position_16x9              = 0.030781, 0.003675, -0.03

        aim_hud_offset_pos               = -0.085875, 0.029106, -0.021128
        aim_hud_offset_pos_16x9          = -0.085875, 0.029106, -0.021128
        aim_hud_offset_rot               = -0.000178, -0.000184, 0
        aim_hud_offset_rot_16x9          = -0.000178, -0.000184, 0

        base_hud_offset_pos              = -0.034649, -0.014719, 0.044251
        base_hud_offset_pos_16x9         = -0.034649, -0.014719, 0.044251
        base_hud_offset_rot              = 0, 0, 0.116064
        base_hud_offset_rot_16x9         = 0, 0, 0.116064

[wpn_sks_b_wpn_addon_scope_pu]:wpn_sks_b, pu_s
hud				= wpn_sks_b_wpn_addon_scope_pu_hud

1icon_layer                              = pu_x
1icon_layer_x                            = 62
1icon_layer_y                            = -27

		use_alt_aim_hud                  = true

[wpn_sks_b_wpn_addon_scope_pu_hud]:wpn_sks_b_hud
item_visual		=  dynamics\weapons\wpn_sks_b\wpn_sks_b_pu_hud.ogf
        item_orientation                 = -0.5, 0.5, 0
        item_position                    = -0.000235, -0.001737, 0
		
        hands_orientation                = 0.495155, -0.495436, 0
        hands_orientation_16x9           = 0.495155, -0.495436, 0
        hands_position                   = 0.030781, 0.003675, -0.03
        hands_position_16x9              = 0.030781, 0.003675, -0.03
		
        aim_hud_offset_pos               = -0.079508, 0.012448, -0.021146
        aim_hud_offset_pos_16x9          = -0.079508, 0.012448, -0.021146
        aim_hud_offset_rot               = -0.000178, -0.000184, 0
        aim_hud_offset_rot_16x9          = -0.000178, -0.000184, 0
		
        aim_hud_offset_alt_pos               = -0.085875, 0.029106, -0.021128
        aim_hud_offset_alt_pos_16x9          = -0.085875, 0.029106, -0.021128
        aim_hud_offset_alt_rot               = -0.000178, -0.000184, 0
        aim_hud_offset_alt_rot_16x9          = -0.000178, -0.000184, 0



