![wpn_mp133_hud]
        hands_orientation                = 0.025837, 0.601041, 0
        hands_orientation_16x9           = 0.025837, 0.601041, 0
        hands_position                   = -0.007771, 0.001643, -0.007675
        hands_position_16x9              = -0.007771, 0.001643, -0.007675

        aim_hud_offset_pos               = 0.007867, 0.010101, 0
        aim_hud_offset_pos_16x9          = 0.007867, 0.010101, 0
        aim_hud_offset_rot               = 6e-05, 0.0004, 0
        aim_hud_offset_rot_16x9          = 6e-05, 0.0004, 0
		
        base_hud_offset_pos              = -0.006459, 0.003629, 0.012732
        base_hud_offset_pos_16x9         = -0.006459, 0.003629, 0.012732
        base_hud_offset_rot              = 0, 0, 0.106946
        base_hud_offset_rot_16x9         = 0, 0, 0.106946

        lowered_hud_offset_pos           = 0.047286, -0.00712, 0.039092
        lowered_hud_offset_pos_16x9      = 0.047286, -0.00712, 0.039092
        lowered_hud_offset_rot           = -0.014818, -0.617301, 0.4
        lowered_hud_offset_rot_16x9      = -0.014818, -0.617301, 0.4
		
![wpn_mp153_hud]
        hands_orientation                = -0.971734, 0.463614, 0
        hands_orientation_16x9           = -0.971734, 0.463614, 0
        hands_position                   = -0.02117, -0.014748, 0.02894
        hands_position_16x9              = -0.02117, -0.014748, 0.02894

        aim_hud_offset_pos               = -0.043336, 0.03106, -0.04
        aim_hud_offset_pos_16x9          = -0.043336, 0.03106, -0.04
        aim_hud_offset_rot               = -4e-06, 9e-06, -0.1
        aim_hud_offset_rot_16x9          = -4e-06, 9e-06, -0.1

        base_hud_offset_rot              = 0, 0, 0.092724
        base_hud_offset_rot_16x9         = 0, 0, 0.092724
        base_hud_offset_rot              = 0, 0, 0.131988
        base_hud_offset_rot_16x9         = 0, 0, 0.131988