![wpn_walther_p99_hud]		
        hands_orientation                = -0.101388, -0.285467, -0.05
        hands_orientation_16x9           = -0.101388, -0.285467, -0.05
        hands_position                   = 0, 0, 0.040786
        hands_position_16x9              = 0, 0, 0.040786

        aim_hud_offset_pos               = -0.048998, 0.036774, -0.03
        aim_hud_offset_pos_16x9          = -0.048998, 0.036774, -0.03
        aim_hud_offset_rot               = 3.9e-05, 3.4e-05, -0.08
        aim_hud_offset_rot_16x9          = 3.9e-05, 3.4e-05, -0.08

![wpn_walther_p99_mod9]
scopes		= none
![wpn_walther_p99_mod9_hud]
        hands_orientation                = -0.101388, -0.285467, -0.05
        hands_orientation_16x9           = -0.101388, -0.285467, -0.05
        hands_position                   = 0, 0, 0.040786
        hands_position_16x9              = 0, 0, 0.040786
		
        aim_hud_offset_pos               = -0.048998, 0.036774, -0.03
        aim_hud_offset_pos_16x9          = -0.048998, 0.036774, -0.03
        aim_hud_offset_rot               = 3.9e-05, 3.4e-05, -0.08
        aim_hud_offset_rot_16x9          = 3.9e-05, 3.4e-05, -0.08

        aim_hud_offset_alt_pos           = -0.09332, -0.054986, -0.07
        aim_hud_offset_alt_pos_16x9      = -0.09332, -0.054986, -0.07
        aim_hud_offset_alt_rot           = 3.9e-05, 3.4e-05, 0.7
        aim_hud_offset_alt_rot_16x9      = 3.9e-05, 3.4e-05, 0.7

