![wpn_m24]
 	scope_zoom_factor                = 8
	min_scope_zoom_factor			 = 34.286

lewd_lens_hide_enabled       = true
lewd_lens_hide_bone          = lens
lewd_lens_hide_delays        = 0.1,0
lewd_lens_hide_aim_mode      = true, false, false	

![wpn_m24_hud]
        hands_orientation                = 0.298115, -0.562967, 0.008
        hands_orientation_16x9           = 0.298115, -0.562967, 0.008
        hands_position                   = 0.00074, 0.000139, -0.000568
        hands_position_16x9              = 0.00074, 0.000139, -0.000568
		
        aim_hud_offset_pos               = -0.123191, 0.023897, -0.108715
        aim_hud_offset_pos_16x9          = -0.123191, 0.023897, -0.108715
        aim_hud_offset_rot               = -0.00971, 0.005426, -0.000213
        aim_hud_offset_rot_16x9          = -0.00971, 0.005426, -0.000213

        base_hud_offset_pos              = -0.072106, 0.00635, -0.007457
        base_hud_offset_pos_16x9         = -0.072106, 0.00635, -0.007457
		
		lowered_hud_offset_pos           = 0.120449, -0.007241, -0.006116
        lowered_hud_offset_pos_16x9      = 0.120449, -0.007241, -0.006116
        lowered_hud_offset_rot           = 0.103273, -0.802666, 0.096376
        lowered_hud_offset_rot_16x9      = 0.103273, -0.802666, 0.096376		