![wpn_toz194_hud]
anm_add_cartridge           = toz_add_cartr
anm_show                    = toz_show, idle

        hands_orientation                = -0.141767, -0.114067, 0
        hands_orientation_16x9           = -0.141767, -0.114067, 0
        hands_position                   = 0.002443, 0.017642, -0.022101
        hands_position_16x9              = 0.002443, 0.017642, -0.022101

        aim_hud_offset_pos               = -0.075313, 0.043062, -0.016568
        aim_hud_offset_pos_16x9          = -0.075313, 0.043062, -0.016568
        aim_hud_offset_rot               = 3.4e-05, 9.7e-05, 0
        aim_hud_offset_rot_16x9          = 3.4e-05, 9.7e-05, 0
