![wpn_sig220_n_hud]
        hands_orientation                = -0.096928, -0.291553, -0.050965
        hands_orientation_16x9           = -0.096928, -0.291553, -0.050965
        hands_position                   = 0.006986, -0.000497, 0.040786
        hands_position_16x9              = 0.006986, -0.000497, 0.040786
		
        aim_hud_offset_pos               = -0.055281, 0.034691, 0
        aim_hud_offset_pos_16x9          = -0.055281, 0.034691, 0
        aim_hud_offset_rot               = -0.000116, 7.9e-05, -0.086627
        aim_hud_offset_rot_16x9          = -0.000116, 7.9e-05, -0.086627

![wpn_sig220_n_upg220]
scopes	=	none
![wpn_sig220_n_upg220_hud]
       anm_shots_aim                            = m9_new_aim_burst_shoot_3dss, m9_new_shoot
       anm_shots_aim_l                          = m9_new_aim_burst_shoot_3dss, shoot_empty
	   
        hands_orientation                = -0.096928, -0.291553, -0.050965
        hands_orientation_16x9           = -0.096928, -0.291553, -0.050965
        hands_position                   = 0.006986, -0.000497, 0.040786
        hands_position_16x9              = 0.006986, -0.000497, 0.040786

        aim_hud_offset_pos               = -0.055281, 0.034691, 0
        aim_hud_offset_pos_16x9          = -0.055281, 0.034691, 0
        aim_hud_offset_rot               = -0.000116, 7.9e-05, -0.086627
        aim_hud_offset_rot_16x9          = -0.000116, 7.9e-05, -0.086627

        aim_hud_offset_alt_rot           = -0.000116, 7.9e-05, 0.7
        aim_hud_offset_alt_rot_16x9      = -0.000116, 7.9e-05, 0.7

![wpn_sig220_n_u2p2g0r]
	scopes	=	none	
![wpn_sig220_n_u2p2g0r_hud]
       anm_shots_aim                            = m9_new_aim_burst_shoot_3dss, m9_new_shoot
       anm_shots_aim_l                          = m9_new_aim_burst_shoot_3dss, shoot_empty
	   
        hands_orientation                = -0.096928, -0.291553, -0.050965
        hands_orientation_16x9           = -0.096928, -0.291553, -0.050965
        hands_position                   = 0.006986, -0.000497, 0.040786
        hands_position_16x9              = 0.006986, -0.000497, 0.040786

        aim_hud_offset_pos               = -0.055281, 0.034691, 0
        aim_hud_offset_pos_16x9          = -0.055281, 0.034691, 0
        aim_hud_offset_rot               = -0.000116, 7.9e-05, -0.086627
        aim_hud_offset_rot_16x9          = -0.000116, 7.9e-05, -0.086627

        aim_hud_offset_alt_rot           = -0.000116, 7.9e-05, 0.7
        aim_hud_offset_alt_rot_16x9      = -0.000116, 7.9e-05, 0.7