------------------------ADMINISTRATOR-------------------------------------------------------------------------
![wpn_xm4_admin]:e0t2_magd_s
ms_count	=	2	

lewd_lens_hide_enabled       = true
lewd_lens_hide_bone          = lens
lewd_lens_hide_delays        = 0.1,0
lewd_lens_hide_aim_mode      = true, false, false	

![wpn_xm4_admin_hud]
        hands_orientation                = -0.381731, -0.435362, 0.051772
        hands_orientation_16x9           = -0.381731, -0.435362, 0.051772
        hands_position                   = 0.019747, 0.000639, 0.073049
        hands_position_16x9              = 0.019747, 0.000639, 0.073049

        aim_hud_offset_pos               = -0.074551, -0.006575, -0.075689
        aim_hud_offset_pos_16x9          = -0.074551, -0.006575, -0.075689
        aim_hud_offset_rot               = -2.8e-05, 9.7e-05, -0.03
        aim_hud_offset_rot_16x9          = -2.8e-05, 9.7e-05, -0.03
		
        aim_hud_offset_alt_pos           = -0.018948, 0.00536, -0.000913
        aim_hud_offset_alt_pos_16x9      = -0.018948, 0.00536, -0.000913
        aim_hud_offset_alt_rot           = -2.8e-05, 9.7e-05, -0.35
        aim_hud_offset_alt_rot_16x9      = -2.8e-05, 9.7e-05, -0.35

        base_hud_offset_pos              = -0.036296, -0.010043, -0.007535
        base_hud_offset_pos_16x9         = -0.036296, -0.010043, -0.007535
        base_hud_offset_rot              = 0, 0, 0.089317
        base_hud_offset_rot_16x9         = 0, 0, 0.089317

        lowered_hud_offset_pos           = -0.005026, -0.020073, -0.005283
        lowered_hud_offset_pos_16x9      = -0.005026, -0.020073, -0.005283
        lowered_hud_offset_rot           = 0.055141, -0.416168, 0.330239
        lowered_hud_offset_rot_16x9      = 0.055141, -0.416168, 0.330239
		
![wpn_xm4_admin_off]
ms_count	=	2		

![wpn_xm4_admin_off_hud]
        hands_orientation                = -0.381731, -0.435362, 0.051772
        hands_orientation_16x9           = -0.381731, -0.435362, 0.051772
        hands_position                   = 0.019747, 0.000639, 0.073049
        hands_position_16x9              = 0.019747, 0.000639, 0.073049

        aim_hud_offset_pos               = -0.074551, -0.006575, -0.08
        aim_hud_offset_pos_16x9          = -0.074551, -0.006575, -0.08
        aim_hud_offset_rot               = -2.8e-05, 9.7e-05, -0.03
        aim_hud_offset_rot_16x9          = -2.8e-05, 9.7e-05, -0.03

        aim_hud_offset_alt_pos           = -0.018948, 0.00536, -0.000913
        aim_hud_offset_alt_pos_16x9      = -0.018948, 0.00536, -0.000913
        aim_hud_offset_alt_rot           = -2.8e-05, 9.7e-05, -0.35
        aim_hud_offset_alt_rot_16x9      = -2.8e-05, 9.7e-05, -0.35		