![wpn_aps_hud]
anm_shots_aim               = ph_aim_shoot_3dss, aps_aim_shoot_auto

		item_position               = 0, 0, 0

        fire_bone                   = muzzle
        fire_point                  = 0, 0, 0
		
        hands_orientation                = -1.666461, -2.731844, -7
        hands_orientation_16x9           = -1.666461, -2.731844, -7

        aim_hud_offset_pos               = 0.024547, -6.3e-05, 0
        aim_hud_offset_pos_16x9          = 0.024547, -6.3e-05, 0
        aim_hud_offset_rot               = -0.000183, -5.2e-05, -0.14
        aim_hud_offset_rot_16x9          = -0.000183, -5.2e-05, -0.14
