![wpn_ithacam37_mag_hud]
        aim_hud_offset_pos               = -0.074004, 0.036388, 0
        aim_hud_offset_pos_16x9          = -0.074004, 0.036388, 0
        aim_hud_offset_rot               = 4.3e-05, 3.9e-05, 0
        aim_hud_offset_rot_16x9          = 4.3e-05, 3.9e-05, 0

        base_hud_offset_pos              = -0.028321, -0.022756, 0.021394
        base_hud_offset_pos_16x9         = -0.028321, -0.022756, 0.021394
        base_hud_offset_rot              = 0, 0, 0.219028
        base_hud_offset_rot_16x9         = 0, 0, 0.219028
		
![wpn_ithacam37_trench_hud]
        aim_hud_offset_pos               = -0.073874, 0.035599, 0
        aim_hud_offset_pos_16x9          = -0.073874, 0.035599, 0
        aim_hud_offset_rot               = 4.3e-05, 3.9e-05, 0
        aim_hud_offset_rot_16x9          = 4.3e-05, 3.9e-05, 0		

        base_hud_offset_pos              = -0.028321, -0.022756, 0.021394
        base_hud_offset_pos_16x9         = -0.028321, -0.022756, 0.021394
        base_hud_offset_rot              = 0, 0, 0.219028
        base_hud_offset_rot_16x9         = 0, 0, 0.219028
		
![wpn_ithacam37_stakeout_hud]
        aim_hud_offset_pos               = -0.074004, 0.038908, 0
        aim_hud_offset_pos_16x9          = -0.074004, 0.038908, 0
        aim_hud_offset_rot               = 4.3e-05, 3.9e-05, 0
        aim_hud_offset_rot_16x9          = 4.3e-05, 3.9e-05, 0
		
        base_hud_offset_pos              = -0.028321, -0.022756, 0.021394
        base_hud_offset_pos_16x9         = -0.028321, -0.022756, 0.021394
        base_hud_offset_rot              = 0, 0, 0.219028
        base_hud_offset_rot_16x9         = 0, 0, 0.219028	