![wpn_bm16_hud]
        aim_hud_offset_pos               = -0.100052, 0.054666, -0.05
        aim_hud_offset_pos_16x9          = -0.100052, 0.054666, -0.05
        aim_hud_offset_rot               = 1.1e-05, 0.000132, 0
        aim_hud_offset_rot_16x9          = 1.1e-05, 0.000132, 0
        hands_orientation                = -0.024916, -0.045309, 0
        hands_orientation_16x9           = -0.024916, -0.045309, 0
        hands_position                   = 0.044772, 0.001834, -0.19
        hands_position_16x9              = 0.044772, 0.001834, -0.19
		
![wpn_bm16_full_hud]
        aim_hud_offset_pos               = -0.100052, 0.055925, -0.05
        aim_hud_offset_pos_16x9          = -0.100052, 0.055925, -0.05
        aim_hud_offset_rot               = 1.1e-05, 0.000132, 0
        aim_hud_offset_rot_16x9          = 1.1e-05, 0.000132, 0
        hands_orientation                = -0.024916, -0.045309, 0
        hands_orientation_16x9           = -0.024916, -0.045309, 0
        hands_position                   = 0.044772, 0.001834, -0.19
        hands_position_16x9              = 0.044772, 0.001834, -0.19		