![wpn_colt1911_n]
visual		= dynamics\weapons\wpn_colt1911_n\wpn_colt1911_world.ogf

icons_texture      = ui\remademeowie_icon
	inv_grid_width     = 2
	inv_grid_height    = 1
	inv_grid_x         = 6
	inv_grid_y         = 3

        cost                             = 20000
        rpm                              = 270

        silencer_name                    = wpn_sil_45
        silencer_status                  = 2
	silencer_x                  = 88
	silencer_y                  = -17

![wpn_colt1911_n_hud]
        item_orientation                 = -0.228696, -3.009813, 1
        item_position                    = 0.000959, -0.003039, -0.00019

        hands_orientation                = 0.393191, 2.689799, -0.050965
        hands_orientation_16x9           = 0.393191, 2.689799, -0.050965
        hands_position                   = 0.001064, -0.010924, 0.040786
        hands_position_16x9              = 0.001064, -0.010924, 0.040786

        aim_hud_offset_pos               = -0.050257, 0.030655, 0
        aim_hud_offset_pos_16x9          = -0.050257, 0.030655, 0
        aim_hud_offset_rot               = -7e-05, -9e-05, -0.0855
        aim_hud_offset_rot_16x9          = -7e-05, -9e-05, -0.0855
