![wpn_fn2000]
scope_zoom_factor                = 80 
scope_texture                    =	
		
lewd_lens_hide_enabled       = true
lewd_lens_hide_bone          = lens
lewd_lens_hide_delays        = 0.1,0
lewd_lens_hide_aim_mode      = true, false, false
			
![wpn_fn2000_hud]
        hands_orientation                = -0.478292, -0.0064, -1.010909
        hands_orientation_16x9           = -0.478292, -0.0064, -1.010909
        hands_position                   = 0.004489, 0.002053, -0.030292
        hands_position_16x9              = 0.004489, 0.002053, -0.030292
 
        aim_hud_offset_pos               = -0.081682, 0.010462, -0.103897
        aim_hud_offset_pos_16x9          = -0.081682, 0.010462, -0.103897
        aim_hud_offset_rot               = -0.000187, 0.000102, 0
        aim_hud_offset_rot_16x9          = -0.000187, 0.000102, 0
		
        aim_hud_offset_alt_pos           = -0.081477, -0.013477, -0.032477
        aim_hud_offset_alt_pos_16x9      = -0.081477, -0.013477, -0.032477
        aim_hud_offset_alt_rot           = -0.000187, 0.000102, 0
        aim_hud_offset_alt_rot_16x9      = -0.000187, 0.000102, 0	
		
        gl_hud_offset_pos                = -0.174714, -0.094551, -0.15
        gl_hud_offset_pos_16x9           = -0.174714, -0.094551, -0.15
        gl_hud_offset_rot                = -0.189655, 0.080163, 0.25494
        gl_hud_offset_rot_16x9           = -0.189655, 0.080163, 0.25494	

        base_hud_offset_pos              = -0.022538, -0.031977, 0.026454
        base_hud_offset_pos_16x9         = -0.022538, -0.031977, 0.026454
        base_hud_offset_rot              = 0, 0, 0.131422
        base_hud_offset_rot_16x9         = 0, 0, 0.131422
;==============================================================================		
![wpn_fn2000_camo]
	s3ds_reticle_size 	= 3.4
	s3ds_eye_relief 	= 2
	s3ds_exit_pupil		= 0.6
	s3ds_chroma_power	= 0.04
	magnifications 		= 1.5	
	
scope_zoom_factor                = 80 
scope_texture                    =	
		
lewd_lens_hide_enabled       = true
lewd_lens_hide_bone          = lens
lewd_lens_hide_delays        = 0.1,0
lewd_lens_hide_aim_mode      = true, false, false

![wpn_fn2000_sk1_hud]
item_visual                 = anomaly_weapons\wpn_fn2000\wpn_fn2000_hud.ogf
        hands_orientation                = -0.478292, -0.0064, -1.010909
        hands_orientation_16x9           = -0.478292, -0.0064, -1.010909
        hands_position                   = 0.004489, 0.002053, -0.030292
        hands_position_16x9              = 0.004489, 0.002053, -0.030292
 
        aim_hud_offset_pos               = -0.081682, 0.010462, -0.103897
        aim_hud_offset_pos_16x9          = -0.081682, 0.010462, -0.103897
        aim_hud_offset_rot               = -0.000187, 0.000102, 0
        aim_hud_offset_rot_16x9          = -0.000187, 0.000102, 0
		
        aim_hud_offset_alt_pos           = -0.081477, -0.013477, -0.032477
        aim_hud_offset_alt_pos_16x9      = -0.081477, -0.013477, -0.032477
        aim_hud_offset_alt_rot           = -0.000187, 0.000102, 0
        aim_hud_offset_alt_rot_16x9      = -0.000187, 0.000102, 0
		
        gl_hud_offset_pos                = -0.174714, -0.094551, -0.15
        gl_hud_offset_pos_16x9           = -0.174714, -0.094551, -0.15
        gl_hud_offset_rot                = -0.189655, 0.080163, 0.25494
        gl_hud_offset_rot_16x9           = -0.189655, 0.080163, 0.25494		
		
        base_hud_offset_pos              = -0.004653, -0.018266, -0.009384
        base_hud_offset_pos_16x9         = -0.004653, -0.018266, -0.009384		