![wpn_thompson_m1a1]
use_alt_aim_hud		= false
![wpn_thompson_m1a1_hud]
        base_hud_offset_pos              = -0.047238, -0.019958, 0.060512
        base_hud_offset_pos_16x9         = -0.047238, -0.019958, 0.060512
        base_hud_offset_rot              = 0, 0, 0.145639
        base_hud_offset_rot_16x9         = 0, 0, 0.145639

![wpn_thompson_1921]
use_alt_aim_hud		= false		
![wpn_thompson_1921_hud]
        base_hud_offset_pos              = -0.047238, -0.019958, 0.060512
        base_hud_offset_pos_16x9         = -0.047238, -0.019958, 0.060512
        base_hud_offset_rot              = 0, 0, 0.145639
        base_hud_offset_rot_16x9         = 0, 0, 0.145639
		
        aim_hud_offset_pos               = -0.082639, 0.031068, -0.050965
        aim_hud_offset_pos_16x9          = -0.082639, 0.031068, -0.050965
        aim_hud_offset_rot               = -0.0001, -2.7e-05, 0
        aim_hud_offset_rot_16x9          = -0.0001, -2.7e-05, 0