![wpn_sr2_veresk_hud]
		anm_shots                    	= syn_sr2_fire_3dss, syn_sr2_fire_wpn, 2

        hands_orientation                = -0.001363, 0.004495, -0.177002
        hands_orientation_16x9           = -0.001363, 0.004495, -0.177002
        hands_position                   = 0.030625, -0.019358, 0.063371
        hands_position_16x9              = 0.030625, -0.019358, 0.063371

        aim_hud_offset_pos               = -0.072682, 0.036178, -0.04
        aim_hud_offset_pos_16x9          = -0.072682, 0.036178, -0.04
        aim_hud_offset_rot               = 0.000102, 1.7e-05, -0.09
        aim_hud_offset_rot_16x9          = 0.000102, 1.7e-05, -0.09

        base_hud_offset_pos              = -0.012414, -0.034253, -0.023165
        base_hud_offset_pos_16x9         = -0.012414, -0.034253, -0.023165
        base_hud_offset_rot              = 0, 0, 0.121764
        base_hud_offset_rot_16x9         = 0, 0, 0.121764
		
![wpn_sr2_veresk_kp_sr2]
1icon_layer		= kp_sr2_x		
![wpn_sr2_veresk_kp_sr2_hud]
		anm_shots                    	= syn_sr2_fire_3dss, syn_sr2_fire_wpn, 2
		
        hands_orientation                = -0.001363, 0.004495, -0.177002
        hands_orientation_16x9           = -0.001363, 0.004495, -0.177002
        hands_position                   = 0.030625, -0.019358, 0.063371
        hands_position_16x9              = 0.030625, -0.019358, 0.063371
		
        aim_hud_offset_pos               = -0.07256, 0.008624, -0.04
        aim_hud_offset_pos_16x9          = -0.07256, 0.008624, -0.04
        aim_hud_offset_rot               = 0.000102, 1.7e-05, -0.09
        aim_hud_offset_rot_16x9          = 0.000102, 1.7e-05, -0.09

![wpn_sr2_veresk_sr2_upkit]
scope_status	= 0
![wpn_sr2_veresk_sr2_upkit_hud]
		anm_shots                    	= syn_sr2_fire_3dss, syn_sr2_fire_wpn, 2
		
        hands_orientation                = -0.001363, 0.004495, -0.177002
        hands_orientation_16x9           = -0.001363, 0.004495, -0.177002
        hands_position                   = 0.030625, -0.019358, 0.063371
        hands_position_16x9              = 0.030625, -0.019358, 0.063371

        aim_hud_offset_pos               = -0.07256, 0.008624, -0.02
        aim_hud_offset_pos_16x9          = -0.07256, 0.008624, -0.02
        aim_hud_offset_rot               = 0.000102, 1.7e-05, -0.09
        aim_hud_offset_rot_16x9          = 0.000102, 1.7e-05, -0.09

        aim_hud_offset_alt_pos           = -0.098776, -0.089886, -0.02
        aim_hud_offset_alt_pos_16x9      = -0.098776, -0.089886, -0.02
        aim_hud_offset_alt_rot           = 0.000102, 1.7e-05, 0.8
        aim_hud_offset_alt_rot_16x9      = 0.000102, 1.7e-05, 0.8
		
        base_hud_offset_pos              = -0.012414, -0.034253, -0.023165
        base_hud_offset_pos_16x9         = -0.012414, -0.034253, -0.023165
        base_hud_offset_rot              = 0, 0, 0.121764
        base_hud_offset_rot_16x9         = 0, 0, 0.121764