![wpn_gauss]:gauss_s
lewd_lens_hide_enabled       = true	
lewd_lens_hide_bone          = attach_sight
lewd_lens_hide_delays        = 0.1,0
lewd_lens_hide_aim_mode      = true, false, false		
![wpn_gauss_hud]
        anm_shots_aim                   	  = gauss_shot_aim, gauss_shot
		anm_shot_aim_l                   	  = gauss_shot_aim, gauss_shot_last
		
        hands_orientation                = 0.0049, 0.001629, 0
        hands_orientation_16x9           = 0.0049, 0.001629, 0
        hands_position                   = -0.008924, -0.183726, -0.136475
        hands_position_16x9              = -0.008924, -0.183726, -0.136475

        aim_hud_offset_pos               = -0.059095, 0.009625, -0.053112
        aim_hud_offset_pos_16x9          = -0.059095, 0.009625, -0.053112
        aim_hud_offset_rot               = -7.2e-05, 5.8e-05, 0
        aim_hud_offset_rot_16x9          = -7.2e-05, 5.8e-05, 0

        base_hud_offset_pos              = -0.02812, -0.011322, 0.000986
        base_hud_offset_pos_16x9         = -0.02812, -0.011322, 0.000986
        base_hud_offset_rot              = 0, 0, 0.146212
        base_hud_offset_rot_16x9         = 0, 0, 0.146212
		
![wpn_gauss_quest]:gauss_s
lewd_lens_hide_enabled       = true	
lewd_lens_hide_bone          = attach_sight
lewd_lens_hide_delays        = 0.1,0
lewd_lens_hide_aim_mode      = true, false, false	
![wpn_gauss_quest_hud]				
        anm_shots_aim                   	  = gauss_shot_aim, gauss_shot
		anm_shot_aim_l                   	  = gauss_shot_aim, gauss_shot_last
		
        hands_orientation                = 0.0049, 0.001629, 0
        hands_orientation_16x9           = 0.0049, 0.001629, 0
        hands_position                   = -0.008924, -0.183726, -0.136475
        hands_position_16x9              = -0.008924, -0.183726, -0.136475

        aim_hud_offset_pos               = -0.059095, 0.009625, -0.053112
        aim_hud_offset_pos_16x9          = -0.059095, 0.009625, -0.053112
        aim_hud_offset_rot               = -7.2e-05, 5.8e-05, 0
        aim_hud_offset_rot_16x9          = -7.2e-05, 5.8e-05, 0

        base_hud_offset_pos              = -0.02812, -0.011322, 0.000986
        base_hud_offset_pos_16x9         = -0.02812, -0.011322, 0.000986
        base_hud_offset_rot              = 0, 0, 0.146212
        base_hud_offset_rot_16x9         = 0, 0, 0.146212