![wpn_pkm_siber_hud]

		hands_orientation				 = 0.000000,0.000000,0.000000	
		hands_orientation_16x9			 = 0.000000,0.000000,0.000000		
        hands_position                   = 0.006311, -0.00598, 0
        hands_position_16x9              = 0.006311, -0.00598, 0

        aim_hud_offset_pos               = -0.006099, 0.006323, 0.075
        aim_hud_offset_pos_16x9          = -0.006099, 0.006323, 0.075
        aim_hud_offset_rot               = -3.6e-05, 3.5e-05, 0
        aim_hud_offset_rot_16x9          = -3.6e-05, 3.5e-05, 0
		
        base_hud_offset_pos              = 0.003395, -0.01277, 0.079783
        base_hud_offset_pos_16x9         = 0.003395, -0.01277, 0.079783
        base_hud_offset_rot              = 0, 0, 0.084759
        base_hud_offset_rot_16x9         = 0, 0, 0.084759