![wpn_fort17_hud]
        anm_shots                                = fort21_new_shoot_3dss, fort17_new_shoot
        anm_shot_l                               = fort21_new_shoot_3dss, shoot_empty		
        anm_idle_aim                             = fort21_new_aim, idle
		
        hands_orientation                = -0.095515, -0.279637, -0.050965
        hands_orientation_16x9           = -0.095515, -0.279637, -0.050965
        hands_position                   = 0, -0, 0.040786
        hands_position_16x9              = 0, -0, 0.040786

        aim_hud_offset_pos               = -0.049148, 0.035659, 0
        aim_hud_offset_pos_16x9          = -0.049148, 0.035659, 0
        aim_hud_offset_rot               = 0.000161, 0.000206, -0.086627
        aim_hud_offset_rot_16x9          = 0.000161, 0.000206, -0.086627
