![wpn_rpd_hud]
        hands_orientation                = -0.199991, 0.438442, 0.059202
        hands_orientation_16x9           = -0.199991, 0.438442, 0.059202
        hands_position                   = 0.003736, 0.000568, 0.047777
        hands_position_16x9              = 0.003736, 0.000568, 0.047777

        aim_hud_offset_pos               = -0.093509, 0.026195, -0.071251
        aim_hud_offset_pos_16x9          = -0.093509, 0.026195, -0.071251
        aim_hud_offset_rot               = 0.007566, -0.003665, 0.002272
        aim_hud_offset_rot_16x9          = 0.007566, -0.003665, 0.002272

        base_hud_offset_pos              = -0.036026, -0.033859, -0.053321
        base_hud_offset_pos_16x9         = -0.036026, -0.033859, -0.053321
        base_hud_offset_rot              = 0, 0, 0.100122
        base_hud_offset_rot_16x9         = 0, 0, 0.100122