![wpn_mac10]
        fire_point                       = 0, 0.188, 0.392
        fire_point2                      = 0, 0.188, 0.392
  
        aim_hud_offset_pos               = -0.089866, 0.051948, -0.072812
        aim_hud_offset_pos_16x9          = -0.089866, 0.051948, -0.072812
        aim_hud_offset_rot               = 0.002594, 0.000252, -0.035053
        aim_hud_offset_rot_16x9          = 0.002594, 0.000252, -0.035053
        hands_orientation                = -0.493653, 0.132763, -2.645336
        hands_orientation_16x9           = -0.493653, 0.132763, -2.645336
        hands_position                   = -0.028723, 0.008576, 0.026282
        hands_position_16x9              = -0.028723, 0.008576, 0.026282
		
![wpn_mac10_hud]
        aim_hud_offset_pos               = -0.067835, 0.034073, -0.057
        aim_hud_offset_pos_16x9          = -0.067835, 0.034073, -0.057
        aim_hud_offset_rot               = 0.000974, -0.000973, 0.011655
        aim_hud_offset_rot_16x9          = 0.000974, -0.000973, 0.011655
        fire_point                       = 0, 0, 0.3
        fire_point2                      = 0, 0, 0.3
        hands_orientation                = -0.518831, 0.587389, 0.640595
        hands_orientation_16x9           = -0.518831, 0.587389, 0.640595