![wpn_steyr_scout_big]
scope_status					 = 1
scope_dynamic_zoom				 = on
scope_zoom_factor                = 6
min_scope_zoom_factor			 = 40
scope_texture                    =	

!hud_fov
		
lewd_lens_hide_enabled       = true		
lewd_lens_hide_bone          = lens
lewd_lens_hide_delays        = 0.1,0
lewd_lens_hide_aim_mode      = true, false, false			
![wpn_steyr_scout_big_hud]
item_visual                              = anomaly_weapons\wpn_steyr_scout\wpn_steyr_scout_big_hud.ogf
        fire_point                       = 0, 0, 0.2
		
        hands_orientation                = 0.026039, -0.002464, -2.649999
        hands_orientation_16x9           = 0.026039, -0.002464, -2.649999
        hands_position                   = -0.008341, -0.013633, -0.175866
        hands_position_16x9              = -0.008341, -0.013633, -0.175866

        aim_hud_offset_pos               = -0.081116, 0.016037, -0.100945
        aim_hud_offset_pos_16x9          = -0.081116, 0.016037, -0.100945
        aim_hud_offset_rot               = -9.2e-05, 4.7e-05, -0.0465
        aim_hud_offset_rot_16x9          = -9.2e-05, 4.7e-05, -0.0465
		
        base_hud_offset_pos              = -0.027023, -0.016178, 0.006542
        base_hud_offset_pos_16x9         = -0.027023, -0.016178, 0.006542
        base_hud_offset_rot              = 0, 0, 0.08704
        base_hud_offset_rot_16x9         = 0, 0, 0.08704