;==============================================================================	
![wpn_groza]
lewd_lens_hide_enabled       = true
lewd_lens_hide_bone          = scope1
lewd_lens_hide_delays        = 0.1,0
lewd_lens_hide_aim_mode      = true, false, false

![wpn_groza_hud]
fire_point			= 0,0,0
fire_bone			= grip

        hands_orientation                = 0.000216, -0.007395, 0
        hands_orientation_16x9           = 0.000216, -0.007395, 0
        hands_position                   = 0.005523, -0.003677, -0.0331
        hands_position_16x9              = 0.005523, -0.003677, -0.0331	
		
        aim_hud_offset_pos               = -0.005506, 0.003431, 0.041184
        aim_hud_offset_pos_16x9          = -0.005506, 0.003431, 0.041184
        aim_hud_offset_rot               = -0.000231, 3.4e-05, 0
        aim_hud_offset_rot_16x9          = -0.000231, 3.4e-05, 0

        gl_hud_offset_pos                = -0.005362, 0.002643, 0.035052
        gl_hud_offset_pos_16x9           = -0.005362, 0.002643, 0.035052
        gl_hud_offset_rot                = -0.001446, 0.000152, 0.001399
        gl_hud_offset_rot_16x9           = -0.001446, 0.000152, 0.001399

        base_hud_offset_pos              = -0.030365, -0.014658, -0.003915
        base_hud_offset_pos_16x9         = -0.030365, -0.014658, -0.003915
        base_hud_offset_rot              = 0, 0, 0.100697
        base_hud_offset_rot_16x9         = 0, 0, 0.100697
		
![wpn_groza_wpn_addon_scope_po4x34]:po4x34_s
1icon_layer		= po4x34_x
1icon_layer_x   = 65
1icon_layer_y   = -17

![wpn_groza_wpn_addon_scope_po4x34_hud]	
anm_switch                               = oc_deactivate_scope, groza_gl_deactivate_scope     
anm_switch_g                             = oc_activate_scope, groza_gl_activate_scope
        gl_hud_offset_pos                = -0.005268, -0.004025, 0.035052
        gl_hud_offset_pos_16x9           = -0.005268, -0.004025, 0.035052
        gl_hud_offset_rot                = 0.135089, -6e-06, 0.001399
        gl_hud_offset_rot_16x9           = 0.135089, -6e-06, 0.001399
		
        aim_hud_offset_pos               = -0.004911, -0.021139, -0.085745
        aim_hud_offset_pos_16x9          = -0.004911, -0.021139, -0.085745
        aim_hud_offset_rot               = -0.000148, -6e-05, 0
        aim_hud_offset_rot_16x9          = -0.000148, -6e-05, 0