![wpn_fnp45_hud]
        anm_shots                                = fnp_new_shoot_aim_3dss, fnp_new_shoot_aim
        anm_shots_aim                            = fnp_new_shoot_aim_3dss, fnp_new_shoot_aim
        anm_shots_aim_l                          = fnp_new_shoot_aim_3dss, shoot_empty
		
        hands_orientation                = -0.108438, -0.279886, -0.050965
        hands_orientation_16x9           = -0.108438, -0.279886, -0.050965
        hands_position                   = 0, -0, 0.040786
        hands_position_16x9              = 0, -0, 0.040786

        aim_hud_offset_pos               = -0.049913, 0.028059, 0
        aim_hud_offset_pos_16x9          = -0.049913, 0.028059, 0
        aim_hud_offset_rot               = 7.1e-05, -0.000171, -0.086627
        aim_hud_offset_rot_16x9          = 7.1e-05, -0.000171, -0.086627
