![wpn_m45a1_hud]
        hands_orientation                = 0.627627, 3.195707, -1.5
        hands_orientation_16x9           = 0.627627, 3.195707, -1.5
        hands_position                   = -0.025456, -0.014116, 0.051975
        hands_position_16x9              = -0.025456, -0.014116, 0.051975
		
        aim_hud_offset_pos               = -0.023733, 0.029866, -0.015
        aim_hud_offset_pos_16x9          = -0.023733, 0.029866, -0.015
        aim_hud_offset_rot               = 0.009023, 0.00278, -0.09731
        aim_hud_offset_rot_16x9          = 0.009023, 0.00278, -0.09731

        aim_hud_offset_alt_pos           = -0.079538, -0.029911, -0.03
        aim_hud_offset_alt_pos_16x9      = -0.079538, -0.029911, -0.03
        aim_hud_offset_alt_rot           = 0.009023, 0.00278, 0.6
        aim_hud_offset_alt_rot_16x9      = 0.009023, 0.00278, 0.6
		
        lowered_hud_offset_pos           = 0.000795, -0.004274, 0.003892
        lowered_hud_offset_pos_16x9      = 0.000795, -0.004274, 0.003892
        lowered_hud_offset_rot           = 0.159725, -0.008206, 0.1
        lowered_hud_offset_rot_16x9      = 0.159725, -0.008206, 0.1

        item_orientation                 = -0.228696, -3.009813, 1
        item_position                    = 0.000959, -0.003039, -0.00019		