![wpn_spas12_hud]
        hands_orientation                = 1.220808, -0.993145, 0
        hands_orientation_16x9           = 1.220808, -0.993145, 0
        hands_position                   = 0, 0, 0.01536
        hands_position_16x9              = 0, 0, 0.01536
		
        aim_hud_offset_pos               = -0.062883, 0.047592, -0.02
        aim_hud_offset_pos_16x9          = -0.062883, 0.047592, -0.02
        aim_hud_offset_rot               = 0.00012, -5.9e-05, -0.031884
        aim_hud_offset_rot_16x9          = 0.00012, -5.9e-05, -0.031884

        base_hud_offset_pos              = -0.010065, -0.020052, 0.020984
        base_hud_offset_pos_16x9         = -0.010065, -0.020052, 0.020984
        base_hud_offset_rot              = 0, 0, 0.135396
        base_hud_offset_rot_16x9         = 0, 0, 0.135396