![wpn_toz34_hud]
        hands_orientation                = 0.760194, 0.110541, 0
        hands_orientation_16x9           = 0.760194, 0.110541, 0
        hands_position                   = 0.005464, -0.006918, -0.029036
        hands_position_16x9              = 0.005464, -0.006918, -0.029036

        aim_hud_offset_pos               = -0.000808, 0.002464, 0.022989
        aim_hud_offset_pos_16x9          = -0.000808, 0.002464, 0.022989
        aim_hud_offset_rot               = 9.6e-05, 0.00011, 0.001
        aim_hud_offset_rot_16x9          = 9.6e-05, 0.00011, 0.001

        base_hud_offset_pos              = -0.018185, -0.026576, 0.024524
        base_hud_offset_pos_16x9         = -0.018185, -0.026576, 0.024524
        base_hud_offset_rot              = 0, 0, 0.263975
        base_hud_offset_rot_16x9         = 0, 0, 0.263975
		
![wpn_toz34_obrez_hud]
        hands_orientation                = 0.760194, 0.110541, 0
        hands_orientation_16x9           = 0.760194, 0.110541, 0
        hands_position                   = 0.005464, -0.006918, -0.029036
        hands_position_16x9              = 0.005464, -0.006918, -0.029036
		
        aim_hud_offset_pos               = -0.000808, 0.002464, 0.022989
        aim_hud_offset_pos_16x9          = -0.000808, 0.002464, 0.022989
        aim_hud_offset_rot               = 9.6e-05, 0.00011, 0.001
        aim_hud_offset_rot_16x9          = 9.6e-05, 0.00011, 0.001

        base_hud_offset_pos              = -0.018185, -0.026576, 0.024524
        base_hud_offset_pos_16x9         = -0.018185, -0.026576, 0.024524
        base_hud_offset_rot              = 0, 0, 0.263975
        base_hud_offset_rot_16x9         = 0, 0, 0.263975
		
![wpn_toz34_mark4_23]
1icon_layer		=
![wpn_toz34_bull_hud]
        hands_orientation                = 0.760194, 0.110541, 0
        hands_orientation_16x9           = 0.760194, 0.110541, 0
        hands_position                   = 0.005464, -0.006918, -0.029036
        hands_position_16x9              = 0.005464, -0.006918, -0.029036

        aim_hud_offset_pos               = -0.000976, -0.028754, 0.022989
        aim_hud_offset_pos_16x9          = -0.000976, -0.028754, 0.022989
        aim_hud_offset_rot               = 9.6e-05, 0.00011, 0.001
        aim_hud_offset_rot_16x9          = 9.6e-05, 0.00011, 0.001

        base_hud_offset_pos              = -0.018185, -0.026576, 0.024524
        base_hud_offset_pos_16x9         = -0.018185, -0.026576, 0.024524
        base_hud_offset_rot              = 0, 0, 0.263975
        base_hud_offset_rot_16x9         = 0, 0, 0.263975