![wpn_vz61_hud]
        aim_hud_offset_pos               = -0.065445, 0.053916, 0
        aim_hud_offset_pos_16x9          = -0.065445, 0.053916, 0
        aim_hud_offset_rot               = -6.2e-05, -0.000538, -0.02681
        aim_hud_offset_rot_16x9          = -6.2e-05, -0.000538, -0.02681
		
        hands_orientation                = -0.024315, -0.008891, -1.505531
        hands_orientation_16x9           = -0.024315, -0.008891, -1.505531
        hands_position                   = 0.028384, -0.030445, 0.046391
        hands_position_16x9              = 0.028384, -0.030445, 0.046391
		
        lowered_hud_offset_pos           = 0.142511, -0.083267, 0.00868
        lowered_hud_offset_pos_16x9      = 0.142511, -0.083267, 0.00868
        lowered_hud_offset_rot           = -0.659574, -0.687413, 0.4
        lowered_hud_offset_rot_16x9      = -0.659574, -0.687413, 0.4

        base_hud_offset_pos              = -0.023875, -0.005901, 0.057096
        base_hud_offset_pos_16x9         = -0.023875, -0.005901, 0.057096
        base_hud_offset_rot              = 0, 0, 0.117929
        base_hud_offset_rot_16x9         = 0, 0, 0.117929